r = 0.008;
Rm = 14.4;
kb = 0.029;
kt = 0.029;
K= [8.08 8.78 55.23 12.89 200.8 17.37]
